A = [130:-20:10; linspace(1, 712, 7); 12:10:72]