vec = [26:-3.6:-10]'