x = 6.7;
0.01 * x^5 - 1.4 * x^3 + 80 * x + 16.7