t = 3.9
56 * t - 9.81 * t^2 / 2